  0402     9.13220310       8.22616100       8.46639919       2.15832019      -1.41540146      -1.60220814      -0.57529610      -1.84448588       4.06153297
  0414     8.99583244       9.14227962       3.14204550      -1.87100124       4.14840651      -2.26911354       2.62380099      -0.36421293       1.86511040
  0081     8.46373463       8.56320095       0.88745421       4.91819525       3.65327477       1.21976781      -3.21377301       1.60473049      -0.15354957
  0281     8.88213634       8.05431557       3.16480303     -41.67910004      42.13774872       9.46197414       1.41683972       0.89229822      -0.42185059
  0006     9.36755657       8.35658741       1.90255368       0.93501246       3.28217840      -0.33273795       1.95096278      -1.18450725      -0.55128199
  0046     8.31748772       8.30937672       6.47857618     -13.53317451       9.80704880      -1.77883506       1.96380830      -1.53804731      -1.86243916
  0341     8.83236217       9.33732414       4.91925049       2.08603692       0.50371283      -2.35231495       1.17821169       1.10054660       0.59361720
  0401     8.15291595       8.01775837       5.32080650      -0.27903613      -1.05329347       2.69014287      -1.02494931      -0.05530833      -0.25446722
  0431     8.01114273       8.58084202       7.46999550       0.57219607      22.84206390     -17.04802513       2.12116289       1.61692965       0.88847458
  0291     8.61382389       2.54350996       9.15999794     -14.98676014      10.29362011      -9.41186333       1.88859868      -3.55681276       1.93224537
  0350     8.51115131       1.40735328       8.62241173      12.10957527       0.81111062       8.93766403      -1.45023131       1.88315058       2.12574840
  0093     8.61293888       3.91947651       8.86470890       1.88749743      -0.99879187       1.68801737      -0.07771439       1.84369767      -0.67491257
  0018     8.30790520       2.07955074       2.56518340       2.64066935       1.97050095       5.84073067       2.05510736       0.63371962       2.08420134
  0073     8.89402866       1.98242271       0.70561492     -17.27535629      -4.49383307      30.76840591       1.35060787      -0.94899940      -0.84772325
  0274     8.35965157       2.90782118       0.74384463      -6.40128851       6.48476696       3.92294621      -0.78886104       0.31687546       1.97940946
  0421     8.24446106       0.49077782       2.49501252       3.85087013      -0.36061230       2.09674168      -0.57099009      -2.70760918       0.49276942
  0117     8.65357780       3.99152875       3.55879283       0.39433116      -7.27631474       8.62875652      -0.68210441       1.43349493       0.55131549
  0369     9.19373894       1.95412064       3.39622998      21.70347977     -82.77714539     -31.93465042       2.12186265       0.36043495      -0.76903337
  0279     9.00138283       2.79517984       3.72622323      -6.60575294      85.97106171      24.27152443      -1.55459619      -1.10931766      -0.89181387
  0153     8.65505981       0.24481851       1.46603501       2.91909885      -2.92554331      -2.98963594       1.06929064       2.33192968      -4.22133780
  0337     9.26098156       1.28196955       4.51581478       0.99783736       2.67306995      -0.83680147      -0.93908960      -4.23911238      -2.23123312
  0075     8.24408436       1.60159647       7.19819021       4.81094170       4.75536633     -19.00467682      -2.97845459       0.76945865       0.55801946
  0245     9.10896301       0.09956070       5.96734476     -26.90370750      40.85986710     -24.40330887       0.22757871      -0.94155407       3.57840014
  0339     9.19594765       2.45167804       6.27419090     -31.84368706       2.09712148      -2.48377562      -2.85096335      -0.20527624      -0.37774044
  0294     8.69368553       2.76316857       4.72028875      -2.99460125      -7.07445812      -5.67490911      -0.04834229       0.79058444      -1.99453712
  0146     8.57367325       3.29011512       7.95836878     -51.19450760      11.27653503       0.09473671       0.45702949      -0.02915044       1.75409937
  0435     8.17525196       0.92453104       5.18079805       2.90642071      -2.28824091      -0.57227641       0.03054405       1.05568659       0.54137129
  0050     9.03659153       1.09137964       6.80366135      14.96913433      -9.67203617      -7.87476873      -2.59484172      -2.71476340      -0.58819813
  0405     8.09750366       0.26306510       6.53753901       0.39782116      -2.67425370      -0.33136082       2.37420225       1.21936119       0.31409633
  0331     8.07986069       3.21756530       6.91813517      -0.48756436       0.01720393       1.89499164       1.90598524       0.99192512      -0.44228986
  0239     9.04107571       2.40739512       7.91558838      10.77993488     -22.98560905      -0.13504660       2.65274405       1.84028780      -1.97389185
  0149     9.30292797       3.18428898       5.42660475       7.32593155      -0.22383556      28.41678619      -2.40419340      -1.66738677      -0.77430338
  0033     8.86885071       6.74359989       8.60710907     -50.33025742     -13.53058720      66.10971069      -0.41311085       0.84751469      -1.03799355
  0426     8.53086567       5.72199869       8.14954567      26.61660385       0.82897216     -23.04869270      -1.64760053       0.32625365       2.40134859
  0069     8.54184341       6.18764639       0.42554608      -3.05227971      -0.00396104      -0.52465647       0.83204538      -2.49172235       1.37264907
  0241     8.00269604       6.06967974       1.65341389      -2.75520134       0.31804171      -3.36594820      -1.81093276       0.39456341      -0.50307369
  0229     8.60551548       4.75347519       2.82507157      -9.74012852       5.69310093      -4.42371368      -1.64878929       0.18557020      -1.57425833
  0269     8.64722824       6.05108595       7.05161238      -0.79476374       2.85943699       2.23190546      -2.14960885      -1.58579409      -0.84887642
  0174     8.52119923       5.36684322       4.00774097      -0.29116046      -0.37314928      -1.12620902      -0.10517152       0.45374462      -1.45291913
  0148     8.12575817       7.23097801       7.02736759     -10.10396957      -0.81529409       0.41359773      -1.22035456       1.37245357       1.17270505
  0052     9.32643890       7.30743361       5.13236141       1.78035533       1.92957580       1.57992816       0.42464334       0.55161387       0.07990594
  0325     8.50842857       4.74097586       6.97589254      -0.25138313       1.39371419       0.70178002      -0.57619667       3.01013637       0.63220972
  0410     9.15819836       7.33740950       7.10733414     -24.70059776      57.05783463     -84.22143555      -1.41434920       3.02637196      -1.68928969
  0289     9.11356163       7.73507929       6.22506189     -12.51029587      10.06381226     -47.03078461       2.74986267      -1.61733031      -4.53836918
  0181     8.11948204       6.69677687       4.15606403      -1.70765388      -1.71484268       0.00252184       0.94127762       1.47177780       2.41740584
  0214     9.39236927       6.88808346       7.85087585      83.01962280     -61.74787521      52.28585052       1.71120560       0.02914637      -0.17213641
  0203     9.33206081       4.13832474       6.06088972       1.48277247      -1.39600968       3.17391133      -2.81619501      -0.66377753      -1.98339498
  0118     0.92004102       8.52158737       8.47809982      -1.09291625      -9.58336735      -7.94867849       2.73662972       2.05826783       1.20545399
  0429     2.54828000       9.06278515       9.33123589      29.26287270      17.31878090     -26.29745293      -1.15893948      -2.72102785       1.59567940
  0002     1.11625230       9.27910423       9.15826130       2.16599011       7.54500532      11.97800159       0.09016681      -2.62707686       0.37892711
  0413     0.38144732       9.32573605       8.00093555      -1.26628017       1.27419960      -1.64402020      -0.70044422      -1.99079216       1.88891971
  0220     2.14460444       9.06799412       1.83313191      -2.80417085       2.73065662      -0.18002956       1.18381596       0.96338397      -0.60013366
  0111     3.30340910       8.70502090       3.42492819      42.31526184     -23.12787819      -8.73795319       2.51577926      -1.46454287       0.06042032
  0179     1.91439724       8.65623188       0.52933609     -30.63458633     -16.95322037      28.04951096      -0.55322969       0.77306557      -1.76418364
  0066     1.03413761       8.95657825       2.17816234     -11.54697704      -4.77855110     -14.83824348       3.10225606       0.90752941      -0.87967193
  0043     0.90472847       8.64861584       0.94956428       0.99437046      -3.63046432       2.01894927      -0.00414717       1.14358187      -0.08913644
  0132     2.34197211       8.42515087       3.20508122      -7.21197796      -6.69953775      -6.87486315      -0.86985499       1.13739550       4.81206274
  0101     0.59831476       9.10265541       3.57820868       3.86183786      -3.66386700      -1.92079735      -1.92243671       1.30258477      -3.40132380
  0321     1.69010925       9.28388882       2.87857461      11.56502247       6.60298634      12.72800732      -1.15735221      -0.33593372      -2.50615478
  0140     2.60463977       9.33006763       3.70454168     -15.55342579     -10.50680923      10.15710926       1.69536710       1.29255819      -0.04269571
  0225     0.08677351       9.28537273       0.63014948     -40.32625580     -97.53231049       1.20839834       1.53540587       0.46985152       1.09028423
  0227     3.73831964       8.07158756       1.86288071       0.52216876       0.62290919       3.41095543       0.17126007       4.66069460       0.14472128
  0139     3.53203893       8.40515900       5.83963060      -3.81730032     -20.69670868     -30.41980362      -0.62632054       1.29113555       2.83189845
  0103     2.34273028       9.09722900       6.51940536       2.40794635      -0.93279010      -0.32996893      -1.76813483       0.75826180      -0.97114658
  0351     1.26414037       8.85777473       6.22402191       2.64404440      13.33744049     -18.43490028       1.52551758      -0.33243513       3.05416775
  0237     1.51672816       9.17806911       4.76865101      -4.11633873       3.20567751       0.40571505       2.00033379       2.13443089      -0.32486460
  0199     0.19238442       8.82530308       6.43720675      26.80667114     -44.05513382      26.23881912       0.87500089      -1.40762699       1.22202635
  0157     2.95849872       8.42469120       7.26585388      -7.08534431      -3.17554331       4.00881910      -3.03324437       0.76705587      -1.58988714
  0210     2.53743386       8.93672371       5.15328741       0.93594521       2.28587627       1.32029629       3.69451046      -0.94304723       1.31929576
  0030     0.63454145       8.59599972       5.28509665       4.38517332       5.35327339      13.90698338      -0.16466539      -0.77359748       0.34682935
  0436     3.63338733       8.93483925       6.65348959       8.58271599      27.21306229      25.89098549       0.65471584      -2.91750240       1.77428734
  0295     0.24916585       8.23827934       4.39319181      -4.33857870      -3.05059433     -10.92765617       0.93087375       1.89972842      -0.72942185
  0137     1.16360509       8.23197365       7.00925255       3.05241179      -3.25884247      25.54276848      -0.81844676       2.84043407       2.21824503
  0348     1.37818956       2.60370493       8.50698853       5.26276588      14.15038013      -2.05158567      -2.20752215       1.18494403      -2.13696742
  0427     3.42210245       3.25260234       8.20136356      -4.12306643       2.92636418      -4.50419188      -0.13972907      -0.66086668      -1.65350032
  0169     1.08969545       1.62631762       8.67941189      -4.54270649     -10.75535583       4.97176218       3.03855157      -0.09896510      -0.27680781
  0371     2.16710734       0.61283100       8.96870995      -1.92236471       4.90295219       1.93580937      -2.24377537       1.23504269       0.55262744
  0293     0.84428954       3.67973351       8.46756172      99.11004639      23.14209938      72.78707886      -0.40112329      -0.56756365      -2.83081818
  0244     3.15245008       1.84155750       9.20292473      33.57304382      10.22847748     -20.10669327       0.78716040      -1.07872021      -0.27759141
  0005     2.18149662       3.54137778       8.54730320      -1.14774370      -1.63648498      -3.38508701      -0.40131640      -0.29041988       3.34737515
  0131     2.20285368       2.13784266       9.31053734     -27.96805382       6.91561413       3.97267270      -2.33879781      -0.97168446       1.13645303
  0089     3.87024951       1.13193583       8.66726208     -26.23070717       0.63049555      13.26506138       0.67713183      -4.47827291      -2.14483953
  0158     0.02101262       1.95988560       9.28750324      27.38472939      -8.29415131     -43.78805542       0.46050930       0.27236152      -0.55933952
  0275     2.50989151       2.37301636       3.23859739      10.16856766      43.05173874       1.13799095      -0.37664574       2.78371692      -0.27576217
  0091     0.99313301       1.98260760       2.94987655       6.17088461     -65.10113525     -27.35910988      -1.81830168       0.27425370      -1.48824131
  0233     1.75166285       0.88820362       2.20119500       0.61073411      -1.92671096      -1.34786713      -0.17979163       0.49296412      -0.13216954
  0311     0.56142628       3.30065227       2.14482403       3.05443907      -2.95069408       0.94958824      -1.75445318       0.47009316      -2.55190921
  0238     1.49939787       0.23014651       1.03117561      46.17088699      -0.22752732     -16.08853912      -0.12487672      -1.38809037      -2.60661149
  0393     0.70785052       1.67344284       0.57900906      -3.44754577      -2.93756223       5.99506474      -0.09239433       2.07888865      -2.34490728
  0390     0.12204121       0.66870183       0.13149120       6.92128277      79.44892883     -46.77962875      -2.46329212       4.26682186      -0.66284376
  0044     2.59368873       1.44822097       2.93992519      -1.14614427     -39.16306305     -17.44104195       0.15028122       1.12936068      -0.96985710
  0417     3.48633599       2.03870821       2.94124913       6.21050882      35.04293442      17.33383942      -0.43089294       0.08278183       1.01542664
  0095     2.39262319       2.28590393       1.71949303      -5.81181049      -5.03776169       1.97767353       0.51548958      -1.32938182       1.82061052
  0170     1.16674984       2.32955050       1.76927209      -2.17633057      -9.60799789       3.81659126       0.95571017       0.24963011      -3.05994463
  0309     2.91636872       1.07685339       1.60605121      -7.99921274      10.64487839      -0.86668843      -0.73856229       0.08278737      -4.12028456
  0353     1.34699190       2.77384400       0.80019993       1.53565931      -1.92426682      -4.03238487      -2.58881569      -2.34318590      -2.49417353
  0099     2.93682909       1.12907171       0.46429336     -24.75986290     -10.53563404      21.66636467      -0.11394813       0.48148566       2.44567013
  0133     0.78579110       2.85761237       3.22679353     -16.23336411      60.39356995      21.26597595       0.68620360      -1.43634593      -0.22868919
  0107     2.73127174       3.16568398       1.19188499      -0.17111230       2.84048247      -3.06083417      -1.29436493      -0.07803365       1.20456958
  0171     1.66303003       1.59231091       0.93336242      16.11314964       1.26046300       6.89593601      -3.04778743      -1.03396606      -0.85746175
  0114     3.70464826       3.61089134       3.04625082       0.76112795       1.76100135      -1.89157128       0.92540181      -1.62235725      -0.68518144
  0045     0.59321451       0.21438216       1.35452068     -11.89933014      13.20301056      56.46269989      -1.28015447      -2.20299792      -0.02257453
  0412     0.39836729       0.95812237       2.03744364      12.19227600       9.14019775     -33.45089340       1.29775536      -1.06742239       0.12970345
  0163     3.37196493       0.14683647       1.76322901       3.06986141      -8.09105110       2.74726844       2.41481471      -1.20528102      -0.10452928
  0433     1.67183244       2.12590766       3.73508620       0.76240784      -4.31248140      12.96336174       1.68904197      -1.60940742       2.21042943
  0323     0.11663468       0.96174788       2.96295667     -12.70420170      -1.20016277      43.15462112       0.62176710      -2.51592684       0.47538245
  0102     2.31301975       0.84957415       3.80310392     -13.66269302      39.04330444       7.60167360      -2.83765507      -0.02024236       2.76482987
  0290     3.62965083       1.18993688       2.48083854       4.80868721     -33.35164642     -17.10725021      -0.18778993      -0.10102231       1.14241564
  0051     3.90205240       3.74197602       1.81884360       2.28165436       1.15105748       1.23529673       0.94480169      -1.35567188       0.25238419
  0301     1.65331197       3.26534390       1.79363787       5.60934877       4.05546522      -0.50389123       2.30083370      -5.20144320       0.71591860
  0013     3.83286190       0.73160076       0.21884213       2.80512977     -12.91589642      -3.74348354      -1.67537045       0.95864314      -2.14773655
  0001     0.30330876       3.15462184       0.13844155      -0.59229457      -1.96085012      -1.20617259       2.07283330      -1.48654974      -2.80898070
  0218     2.48149133       3.80621910       0.17761078       0.31233889       1.01428914       4.22131395       0.43066296      -2.08210325      -2.67838550
  0266     2.91629171       2.95039582       6.27989626       0.79704070      -0.73741686       0.76762116      -1.97017336       1.60351765      -0.13086265
  0258     3.78384638       1.16464305       5.80855417      -1.04784358      -0.76809257      -3.83705592       2.32655597      -1.27773309       1.39378071
  0047     1.96540308       2.09869313       6.04925156      -0.63761938      -0.48458096       2.35212088      -0.03231294       1.06414723      -3.22868681
  0359     1.59529710       2.39173603       4.98308182      -2.12032199      -1.82332540      -2.23462152       3.33737183      -1.11979425      -1.85541761
  0418     2.77785301       1.30676377       6.61135483       0.83440113       1.50170290       0.64360052       0.78212780      -1.91530943       1.99617350
  0167     2.17928052       0.73631448       4.93520212     -30.48601532      -7.24268341       8.25845909       0.61819094      -2.22558951       0.42824036
  0207     0.95551193       0.73583251       6.86615086      -1.56549335       1.58170044       1.29375196      -2.33472133      -1.94298935       2.74519968
  0198     3.33823228       3.69874668       5.03693485      11.93457890     -22.52605629       5.97279119       0.69372815       1.06868434      -1.65820181
  0387     0.70317119       3.36692166       6.56312275      -6.25936985      35.79101181       2.63745880      -3.04720283      -0.16245006      -1.04811490
  0164     3.81828237       1.81673944       6.67459440       0.05378884       2.62863898      -0.14407533       0.14359169      -0.56431729      -2.51946497
  0361     1.74575388       1.75577247       7.26755905      -0.34574685       1.41630137      -2.27261281       0.26834461      -2.68427944      -0.61938673
  0438     0.61470354       1.92124653       7.34817791      -2.87736940      -4.52571678       7.89587212       2.86291981      -0.30286315       2.16183376
  0372     0.76831484       2.40928483       6.43098116      39.12131882     -38.50894928      -8.47408581       0.24734704       2.79005122       2.36368442
  0004     1.02569187       1.18936586       5.08335257       3.31844282      40.44554520     -45.89612198       1.47268748      -0.46830723       1.81173038
  0151     0.98303187       0.54060662       5.77633381      -3.63133287     -45.22612762      39.56541061       4.53506708       0.28684077       1.89560354
  0038     0.12274995       3.51052117       7.95284843     -60.13779831     -15.87259674     -71.96501160       0.09084557       4.44634056       3.39505386
  0211     3.75976753       1.42324913       4.17238569      38.49554825      31.71601295     -27.32023239       0.84041178       0.14080250      -0.70966327
  0086     3.80366731       3.45666599       6.89928484      -9.69682598       1.23315156       3.70093298       1.41972578       2.37722850       2.18992925
  0366     3.11021709       0.89693409       4.63204241     -10.24188232     -26.09556389      16.81964493       0.62323660       2.38990235      -1.55794847
  0197     0.73218286       2.13877940       4.13924026     -16.22289467      -0.17404690       4.47376871       2.79263353      -1.34160531      -0.08009859
  0420     2.44640875       2.73919654       7.72659016       0.37406933      -0.48295540       1.60735083       0.44030944       2.35438347      -0.24453446
  0357     3.23028636       0.47488567       7.34627771      -2.09586763       0.49828517      -3.02989721       1.98904765       2.01710200      -1.23032331
  0333     3.78097796       2.44991970       4.85610962     -41.05224609      13.56668854     -22.86466408      -2.56555963      -0.81715238       2.57728863
  0349     1.42410386       3.65990663       4.36181068      -4.91857958      -9.51764679      -2.22038555      -0.25285509      -3.15196443      -0.63927132
  0406     0.05923659       3.55617762       4.49595976       3.49636602       5.92071486     -19.76357460      -0.88730007      -3.61394262      -0.71360111
  0028     0.49930453       0.38249758       4.43663311       1.51281047      -1.44737744       5.42808056       0.39974543      -0.23081401       4.91219902
  0209     3.59909415       1.87336242       7.73282385       0.26200527       1.90882778       6.09170341      -1.48645794       0.98596424      -2.43490362
  0195     1.44190240       6.82956219       8.90310383       0.58517134       1.82094526      -1.30307579       1.04768276       3.84877872       0.85179001
  0037     1.82722306       7.94517422       8.09317780      -1.53190720      -0.50589305      -0.41321877      -0.37294444       2.88430762      -1.07475734
  0201     2.39177275       5.95476770       8.49072361      -8.91623211      -4.32074881      12.99074650      -1.60960615       2.22733951      -1.31378734
  0263     3.84546518       4.81108713       8.79729939      -9.53135204     -21.98853302      19.27000237      -1.34923005      -0.93817806       0.40791449
  0345     0.40777388       4.50995398       9.35495472      16.94179726       0.46234584     -70.50633240      -0.49827299      -3.50825500      -0.21980441
  0342     3.06475902       7.21464825       8.64983749      -0.01340142      -3.31080914      -0.17403424      -1.13860953      -1.30844212       1.46741223
  0022     1.56836522       4.97544003       8.57270908       3.23719406      -1.25005162      -1.04100692      -2.09066677       1.75530040      -2.99175501
  0054     0.80132920       7.78020239       9.26214695       6.42737532       3.03644514      -4.41337919      -1.47725296       0.73884642      -0.38836563
  0265     3.14170742       4.77453852       2.17785859      -3.33465481      -1.56134462       1.93411493       1.93195462      -0.97965682      -0.34151092
  0303     1.69769812       5.00613832       2.28755760       4.29532719      -2.46998858       1.30298078       1.70988154      -0.03150181       1.69392061
  0428     1.07345784       5.35940647       3.54638863       3.45216513      -0.46038139       0.49431691      -3.18010879      -2.78638148       0.64468557
  0003     2.71887016       5.98399067       1.99852598      -1.02335608      -3.14258242      -1.56605160      -0.70078504       0.76557469       0.69331872
  0175     1.41212654       6.46161079       1.34882796       2.06477237       0.08445162      -3.40123415      -2.56313968      -0.86552930      -1.09622598
  0067     3.86296511       5.81824684       3.61392736      -0.96096057       0.04210948       3.02145529       0.76246554       2.74252391       1.06547534
  0375     2.46409154       7.10044670       1.09765494       1.09992421      -1.10127974      -0.43598294      -0.89537567       0.27131212       2.45780253
  0243     0.14438756       7.40293312       2.98549795      46.77092361     -41.68778992     -12.25730801      -0.28763214      -2.69498420       3.26549935
  0246     2.34366512       4.12850428       1.55033469       1.34327102       5.13822365       1.24241471       0.09388851      -0.30082473       0.19321974
  0202     3.21623158       6.58071852       0.63364512      13.17905998      -9.31013966      -7.92898083       1.16472948       2.24892068      -0.51659977
  0092     2.43244004       5.00882244       0.14868648      -0.09921598      -1.38032460      -1.95400643       1.41614127      -0.38194051       0.39781809
  0230     2.69258976       4.69172716       3.37023830       3.38647437     -10.79553604      -3.56462979      -1.39269590       1.59668493       1.15370083
  0068     2.30040765       5.64002275       3.52338362      -5.49618673      12.39361954       2.98276448      -2.08241391       0.54349327      -1.26054239
  0310     1.74799919       4.10902882       2.98968101       0.26786807       0.96474224      -0.02867543      -0.10630210       0.27083167      -0.91817135
  0388     1.09958529       5.92581940       2.23506236      -2.89056039      -1.43567884       2.74992371       1.97694755       1.22529078      -0.72014868
  0155     2.32140803       7.03657675       3.51792550      39.46815491      30.76765633     -70.91648865       1.06686807      -0.77022886       1.23462200
  0286     3.04200721       5.00395155       1.09003234       1.25944662      -1.13277888       0.54874206      -3.91306615      -0.29381657       1.38294780
  0282     1.65973079       7.51576662       1.55957317     -14.44242859      11.26879883       8.00580883      -1.10911930       4.19934416      -0.37916407
  0042     3.68215203       7.55316257       3.06575322      -0.70614201       3.40326595       0.91426033       0.42118305       0.56840581       0.01597961
  0276     0.22925963       4.85348320       3.04342461       7.84158659      -0.31398574       2.95387101       0.72063506      -0.70658821      -0.91112304
  0404     1.38444114       7.99785185       3.30425978      -8.77930737      -1.52746689       0.83112222      -4.04927111       0.16045016      -0.23705189
  0422     0.21685004       5.67246389       1.36820936       1.71555984      -0.45879149       0.36839044       1.59443116      -1.22103286       0.78368032
  0395     0.16688986       7.36006975       0.57660067      -5.44045305      -2.93087745       6.39948320       1.81383991       0.14878009      -1.42953694
  0284     0.18761736       4.45908737       0.86734641     -16.06456757      -3.62765145      68.11180115       1.96277630       1.56863415       0.03629176
  0423     1.99530423       4.04698610       5.53861570       3.06873035      -1.45165551       4.08581638       2.04732132      -1.71189201       0.58660173
  0213     1.00335777       6.35681915       5.20766211      -6.14806843       1.62951660      -8.19304276      -0.68613684      -1.05258417       1.94192684
  0180     0.55154312       5.35628557       7.01626110      -2.21399856       3.72222662       7.15833521       1.44454706      -1.01867509      -0.22913711
  0235     2.87356353       6.19882250       7.62206745       6.21308851       3.87455654     -14.43672180      -0.70726770       4.43780899       2.46833801
  0334     3.92638969       6.01463413       6.69066906      -1.79272366       1.63194430      -0.58143044       3.32859182       0.99354422       1.16239572
  0299     2.72494507       5.41221428       5.71982861       1.26063967       0.20822015      -2.24624801       1.42607796       2.87223887      -1.20666242
  0079     3.09379721       6.41515779       4.27709293     -17.76251984       3.04268670     -15.09986782       0.20002328       1.35431612      -1.77979720
  0398     1.49566388       6.43189383       7.42365456       0.80975860      -0.86318856      -1.67776895      -0.28269306      -3.05866957      -1.49294293
  0287     1.91024113       6.70921230       4.28007746     -37.62288284     -31.27962303      74.22790527       1.54340863       1.79198396       0.30103230
  0082     2.44464231       6.45458412       6.55370426       2.33447814      -3.37480497       5.17592239       3.81590509       0.08969860      -0.05741572
  0173     1.85510290       4.58022165       4.62256622       2.64955401      12.44552994      -4.44501352       0.14883500      -0.63954490      -0.92975837
  0205     2.94430661       4.60065031       4.86847687     -11.36195183      22.31530762      -2.38582373      -1.15424323      -0.94305378       1.31963861
  0396     1.82822216       6.75551844       5.71819592       7.68523407      -5.99355841       8.48682117      -0.24977322      -0.77436936      -0.76397616
  0439     0.56368363       6.59274244       6.70505285      -1.88594890       1.85249615       4.00032139      -1.63707614      -1.19057918       1.01775229
  0116     0.74035555       5.73417330       6.05173111       1.56269288       0.08406794      -6.64696503       1.12766755       1.34567356      -0.67284113
  0355     1.80355859       4.68372679       7.44803047     -28.88674164       1.95319581       5.31571484      -0.49625230       0.97382504      -0.43963173
  0437     0.43969437       5.11834192       4.50823116       3.97419906      -6.82407665      -3.49970198       1.95187998      -1.93210649      -0.68485445
  0026     1.45216525       7.50956202       5.12547541      -8.01750851       8.61457253      -7.55241251       0.26084024       1.60041940       3.00998831
  0017     0.70029098       7.63824034       6.30622911      17.67149162      -8.08859921      -9.73551369       0.39832467       0.85884625      -0.43037522
  0326     3.82374001       6.16732359       4.93667316      14.44201756       7.78790951      10.24188519       1.73604858       0.88415784       0.97274876
  0115     2.24537182       4.79670572       6.51608801       4.74456310      -0.07127160      -9.79742336      -0.30204543       2.62258959      -1.20907295
  0196     0.73984706       4.30388975       7.10299158       0.68866205      -1.89536726       3.50762057      -1.36489010       2.35349560      -1.44730937
  0223     2.75199699       4.55057192       7.74895000     -20.29797173      -0.27105713      -0.03162670      -0.50759065      -2.62647176      -1.30340970
  0204     0.01207310       6.07255554       4.68398714      -3.02789211       8.16472435       1.58305776      -0.72712910       0.91011083      -1.18272722
  0177     3.70585537       4.48009920       7.90377998      36.85227585     -23.19683838     -39.48498154      -1.56663108      -1.92919791      -0.24872723
  0078     3.78555083       7.14253378       6.24417019       1.70631158       0.05256111       0.29196793      -2.69923139       2.58668923       1.94935298
  0231     3.92818856       5.13044310       4.90037012       1.06987441      -9.83623886      -0.60028034      -2.17457533       1.66636336      -0.33044580
  0094     3.15113330       7.50894403       4.09105635      -0.22696804       3.49727249      -0.29125154      -1.34011543      -1.05351937       2.90452123
  0364     4.93159866       8.36416626       0.44791424      -0.04652830      -2.00175095      -3.58742619      -2.41538692      -1.29162896      -0.07035237
  0172     7.15197706       8.51415920       1.34660804      36.25511932     -27.47693062      45.20989990       0.26399624       1.26255381      -1.12615609
  0166     7.98251152       8.22591305       3.73029947      -4.32380629      -0.15788653       3.45763779       1.41448212      -0.02894107       3.19828153
  0108     4.24740076       8.69761372       2.70495987      -3.65702438      -3.32416630       0.32675350      -0.50463629      -0.18566296       0.49363536
  0335     6.58649254       8.42285919       2.30098057       1.90251637       2.78172946       0.70231533       0.18292211       0.13783635       1.28148615
  0134     7.76111412       9.37637520       0.68044358      -3.17726660      -0.51821572       2.81989384       0.62748814       0.90385222      -0.92131704
  0219     6.65431261       8.93481922       0.66468441     -32.14280701      27.06083488     -46.21459579      -0.27924570       1.18019485       2.50701928
  0074     7.68784094       8.03415203       2.64000726      -0.51281410       0.60251200      -2.47338843      -0.88108850      -1.06277752       3.56658936
  0329     6.50908661       9.36310101       3.58914328       0.78415245       4.61220360      -0.61047429      -0.31082013      -1.27146423       2.68675399
  0259     5.46430683       8.02250767       1.32102716       4.00191021      -1.98791432       3.85856509      -1.87098694       3.44231153       0.92397952
  0012     5.24724531       8.36506367       7.44108820      -0.59115797       0.62801445      -0.05793428      -0.28101864      -0.15495585      -0.30355728
  0021     5.15783739       8.86885643       5.07816601     -15.14407730      12.38328552      12.14757252      -1.23125064       0.08424974      -1.08835769
  0119     7.46330166       8.85475349       5.82526112       1.74682474      -1.98908615       3.43701315      -3.29406404       1.36570990       2.73984170
  0105     7.09924936       9.13871956       7.05878353       1.97330618       1.57473159      -3.38017869       0.50963032       0.62972742      -0.00600375
  0332     5.99244547       8.78884792       5.85472441      -0.03212261      -0.69711256      -1.21008468      -2.99171734      -1.37065637      -0.66756964
  0268     5.82313633       8.31054688       4.57656574      31.93324089      26.61844063     -47.91397476       1.23591435       1.01917076      -0.63443446
  0403     6.88581324       0.69990224       8.79765701      -0.89096951       1.46185374       1.04261601       0.29389921      -2.16442084       1.35050249
  0165     6.15526676       2.70502567       8.43102074       3.01692820       5.20524120       4.11177301       0.15007454       1.53989363      -2.38750410
  0011     4.22964048       2.68293881       8.65786934       1.57106543      -4.98304462       4.67277908       0.72128218      -2.15232515      -1.92808545
  0215     5.46089411       3.86673856       8.90718555       4.80576706      -6.45709276       6.07899141       0.78572369       0.36642921      -1.87860990
  0194     7.22591114       3.62771916       8.21011734      -0.41425326     -12.57859039      -1.02591991       2.03484488       0.95636302       2.70658779
  0019     7.73728800       1.73832679       8.02926731     -16.52822685      12.95847893      20.99582100       0.62653577      -1.66870940       1.20741856
  0110     4.56630135       1.32169485       8.00790691      25.14434052       6.37295055     -26.48521423       1.96776211       0.62267458       2.17617702
  0370     4.96219969       3.25429201       1.48017168       8.47541332      18.46477318       7.63253880      -0.15359977       3.10651255       0.75424385
  0025     4.77217436       2.41823387       2.05262470       3.32763529     -19.26870918     -14.59982300      -0.61513209      -1.82984650       1.50512254
  0083     6.23938656       1.99629784       2.82168055      -1.27872622      -0.68997669      -1.66323125      -1.68004847      -1.36013210       0.45518321
  0014     5.29667759       3.28667355       2.54513812       8.91293526       1.95374346       0.25411576      -1.08437741      -1.31817412       0.94693291
  0029     6.11907101       0.70372176       2.72312617       1.87399364      -1.27375484      -7.32691431       1.24112630      -0.51408935       4.24374294
  0297     5.72596169       3.37355089       0.73698175       3.86852336      -0.19295339      -4.24362278       0.04519254      -0.08363328       1.14164567
  0090     5.31669855       1.47626114       2.12419772       7.33121061      -5.39847279       9.11030579       0.90429652      -1.40460932       0.72516704
  0100     5.07704544       1.80715299       1.15255165      -2.78860641       0.32702297      -3.14052844       1.45105290      -1.64469302      -1.30904901
  0397     7.17294502       0.60756028       2.27002287      -2.49809313       1.85377669      -0.08915557       1.71645570       2.02459073       1.11051702
  0362     4.64171743       0.70613521       0.84864068      14.28807449       4.28951740       9.58387756      -0.93305844       0.19004865      -1.42568386
  0007     7.16087294       3.73596883       3.73936152      22.28570557       0.22086158       7.04695511       0.02658130       0.32192376      -0.57114571
  0143     6.73545599       3.44488525       2.15830946     -17.15124130      14.92656422      -0.95102221      -1.54845977       2.04926300       0.17668925
  0262     7.41925764       2.71083951       2.18052673      14.43145943     -13.49010372       3.02116799       0.17766793       0.31699124       0.58431095
  0039     6.53654003       2.49540114       0.12553409      -2.05002117       0.92127568       0.88826728       1.46649408      -2.23043132      -0.72498429
  0308     5.24066257       2.40796041       0.28334603       0.39398158       4.01566935      -3.30044198       0.63092899      -0.96573931      -3.07532191
  0130     5.82801247       0.98780864       1.03222585      -8.11251640      11.69061565      69.07064056      -0.75770080       1.76705301       0.30965382
  0273     7.68169546       1.77470660       1.73324811      -1.71467686      -6.14957428      -5.29441833      -0.89782941       1.11218584       3.20327306
  0363     6.65549421       2.76582909       3.60430598      23.93128967       3.93306518     -18.16971207      -0.82704926       1.26764941      -0.50292182
  0150     6.53562021       1.81256652       1.66211963      -2.06901312      -0.81104338       2.46513033      -1.12204337       2.44536471      -3.29073477
  0221     4.72830343       1.15482044       3.32615948       0.77724224       3.89252567       0.32711178      -0.27575448       1.31585431       0.05700792
  0129     7.67995405       3.61192799       1.48834050       9.62681961      -7.79582119      25.30692101      -0.94485503       1.27907610      -1.76984262
  0434     7.26314735       3.86997819       0.62960714     -12.71951103       8.04183578     -24.75180435      -3.63269782       0.83840632       1.22152984
  0145     4.70220566       3.88480067       3.56191659       1.69450533      -1.94342291      -5.36682224       0.21559858       3.47894382      -0.22043502
  0242     5.93749571       1.23409820       3.60452151      -4.88540030       5.52152109       7.09603214      -0.11864913      -0.03818836      -2.03078508
  0212     4.31419039       2.87163973       0.78447324      -8.28228951      -9.15554810      -9.57639694      -1.59110308      -0.16367058      -1.91144896
  0015     7.59577799       2.02430797       0.28912675       3.40578103       2.55720401       0.50176859      -1.16278172       0.23155993       1.03756094
  0411     4.46699047       2.82168102       2.91097045     -50.31655502      35.41484070     -34.97826385      -1.64532208      -3.17930579       1.05054796
  0409     4.15660810       1.71664596       0.53616369      -0.69409639       3.74131799      -1.54697728       0.69232905      -1.71770704      -0.42462292
  0087     4.82109451       2.42200136       3.67504025      28.29625893     -33.50011063      62.88217163       1.64618850      -0.10928338      -2.15986586
  0322     5.92621422       0.84954137       0.10228081       7.16484070      -9.20631313     -66.12849426       3.37177968      -0.84211642      -1.66560459
  0430     6.20612192       3.75874090       3.40993643     -21.52207947       0.70323801     -10.94266033      -0.29517296      -2.30032563       0.90834564
  0041     7.57161760       0.49562502       3.80981851      -2.83583045      -0.00621998      -0.35612124      -2.15161204       0.25971729      -2.36672139
  0097     7.94986010       2.85411787       3.56942773      -6.85435247       1.66332591      -0.96781707      -0.98727614       0.50807524       0.45776489
  0267     6.71285677       0.97389996       6.96208143      17.33062553       1.27911115      18.25733185       2.85962915      -2.58964539       1.34643638
  0277     6.62127209       1.59782243       5.25217533      -4.18851757      19.58099747      32.67938232       1.52273464      -3.48756552      -0.56905103
  0324     5.89586782       2.02417493       6.41899729       2.95530581      -1.45281887       3.60160637      -0.67916250       0.56400603       1.39246285
  0300     5.85955954       2.52681231       4.13878345     -23.78913689      -8.16636753      14.04819679       1.16666508       1.15034401      -1.68782866
  0365     7.31071043       3.80240631       5.66626787      -0.12241130      -0.47227934      -0.52987719      -0.84420770       1.12641251       1.61500359
  0035     6.92659855       3.02302861       7.26189613      -0.47935861       1.20786715       0.98534793      -0.90255213      -1.22169352       2.00749898
  0162     5.11757088       3.42539811       5.75614119      -0.71605593       2.85310483       2.63944530      -1.90150273       0.80901057      -1.42512143
  0055     5.74269438       0.93039274       4.92453861      -6.52739763       0.07954048       8.45899868      -1.22802734      -0.62327462      -5.59953547
  0358     5.84405994       1.91743565       7.79168224     -10.84766769       0.30470622      -8.01693344       3.52774405       2.71389031       1.95560348
  0034     4.30363894       2.86687469       7.58888483      -1.44769216     -16.65370178       7.94924116      -0.91492760      -1.82207537       0.17705305
  0367     4.12150145       3.99073577       6.07389688      11.69872093     -31.91928101     -56.85635757      -2.59318113       0.00366877       0.04492671
  0330     5.60874271       3.03150558       6.87068415       3.71432137      -1.29213691      -1.97024488       1.04059219       1.21231306       0.07240472
  0389     4.78549147       0.53525770       4.68995619      -5.20227909      -1.05066085      -0.86679190       1.77023542       0.08931277      -3.06849861
  0338     6.63311386       1.05857015       4.43931437      15.78764153     -20.84462929     -38.96273041      -0.05059977      -0.62740690      -1.08528709
  0031     5.26195002       1.65076625       5.61779165      67.75892639     -60.48931503      34.76092911       0.88684171       1.35398054      -3.38232088
  0306     4.61288548       2.20114350       5.27419186     -26.27701378      46.05850983     -15.31852913       2.02877975      -1.26362717      -0.31409672
  0340     7.69802380       2.79445148       5.06145954      -8.94594860       2.21196151       2.18932128      -3.80604625       0.99351370       3.15298057
  0135     5.30751324       0.07790276       7.77571487      -0.79826564      -4.31251287      21.69787598      -1.04186988      -1.99186313       2.05337214
  0053     6.03173494       3.94332123       4.98220730      -1.20823884      -0.39620841       1.17052329      -0.65651065       1.58889377      -1.74465394
  0407     6.09127855       0.83651060       6.20037556     -16.48845673       1.85910416     -28.73987770      -0.05370661       0.97733760       0.01036711
  0305     4.39074326       3.46332574       4.53833294      -1.51646721      -3.66705155       3.07315588       0.82163048      -1.42705190      -0.48443395
  0234     4.30199003       0.27809486       7.37531185       1.77088702       0.99803543      -1.79077649      -0.09991665       0.58990824      -0.74771953
  0391     4.86211443       3.68748569       7.27060747     -41.53708267     -19.18788910      36.57527924       1.25010622       0.35153827      -2.21001863
  0298     5.40753365       0.26175413       6.79030037      -1.63672972       0.69766843     -18.73346329       1.26223445       3.22918296       0.08992574
  0098     6.74792862       1.41760373       7.93823290      -1.20704842      -4.45377111       3.84375691      -0.51547021      -0.64835590      -1.21913731
  0278     4.87802172       4.42987537       8.23136806      -8.54753494       4.17995739      -6.94137239      -3.16207767       0.79094702      -1.08469033
  0183     6.04126978       6.55472326       9.29595280      13.53222561     -11.08347130      -3.68926787       0.75421500      -1.11474884       1.63602376
  0257     4.13879013       6.49035883       8.73319530     -14.94086552      -2.55536175      -1.60375571       0.21138708      -3.06079936       1.51101136
  0228     6.51660967       5.89588881       8.38124943      46.03991318      34.15916443     -31.36668396       2.32006598       0.59459203       0.37926310
  0261     7.73311234       5.79674578       8.70479584     -30.32637596      -1.22820497      24.86454010      -0.61904246       0.83639348      -1.28611302
  0260     5.38515377       6.13765669       8.08829212       4.53008795      -5.54398823      -4.59007502       2.36787677       2.05892372       0.54927146
  0142     7.33428383       4.65474224       8.10247803       2.33944941      14.13440132       0.88381547      -1.72999513      -0.80570245      -0.92395735
  0156     5.11180019       6.77321053       8.86597443      26.79867935       3.07185197     -28.53955650      -1.53724134      -2.94155335       0.20786123
  0283     6.94454432       7.53156471       8.69677830       4.07792950      -4.22190475       0.76747847      -0.79864770      -2.07431436      -2.40849018
  0154     4.18732643       5.55041695       9.31151485      18.38941193      44.18650436      22.42039680       1.77074349      -0.14940161       1.40602553
  0206     5.84015465       5.44027519       8.86213017     -46.83803940     -28.32209969      33.20574188      -0.44886747      -0.62521905      -1.96706784
  0071     7.64584923       6.72011900       8.14173508      10.44779110      31.13864899      12.90023994      -2.40064573       0.08316773      -0.63957578
  0226     7.96251631       7.83791065       8.12153053      -0.13048887     -26.37434006      18.48925591      -0.26712620      -0.72937697      -1.26449811
  0356     5.96532965       7.99834585       8.59526062      -3.81635332      -1.01973653       0.83978099      -0.83962971      -1.75361419       2.17228389
  0292     5.30710411       6.48296738       2.48166132       4.22237110      -3.47374964      -2.79179955       1.78783798       0.42282316      -2.46683884
  0327     4.56322193       6.24721766       1.27353370       0.57579124      -0.84978205      -0.59696960      -0.79682320       0.33475497       0.63887691
  0009     4.62714481       7.00098896       0.27193412     -22.43297195       7.81955576      36.18697739      -1.14221001       2.15600061      -1.84310007
  0302     6.79342985       6.67744255       1.34642482     -11.51969719      36.92281723      29.24081993      -0.36565259      -0.71248716       0.42778879
  0271     6.36653471       6.53576517       3.38607907      -0.83280808      -0.67971665       0.73255014       2.33307791       1.53939760       1.53262436
  0020     6.88751316       7.75831461       0.54681647      -1.71696901      -0.95035201       0.42269552      -2.77238774       0.26157773      -5.13881159
  0399     7.78946304       5.92912245       3.21632075       0.59099549      -0.71007395       3.20878530      -0.27659309       1.17658842      -0.46991587
  0307     4.06271267       4.85999680       1.58223736      -7.27931118       7.62443733      16.95420456      -2.21519613      -1.17011738       1.59389412
  0138     6.27859879       5.29790020       2.59943819     -19.84719276      24.78461647       8.84223747       2.26401782       2.20970368       0.14748070
  0109     5.83631563       4.11429882       2.20515966       1.81861973       0.66760421      -3.61985636       0.95494848       2.21479821       0.38950077
  0023     4.88905573       5.45706081       2.41144705      -1.72004330       7.37943268       4.88326645       0.21753173       2.18438148       0.15550114
  0419     5.54233313       5.76041317       1.59683692       4.33015871       0.51930481      -0.37306523      -1.24710846       2.56194544      -1.17420423
  0354     6.48339415       7.34413004       2.21340227      -0.14447738      -3.42434740      -1.04569435       0.33969432       0.88508642      -2.69900322
  0193     6.77423859       4.52727222       2.23891354      28.37319374     -17.45340347     -13.49293137      -0.80047232       1.81802034      -1.24635351
  0222     7.87312937       4.95466661       0.21192415      -1.73483014       0.37238479       0.30584896       0.97028458       1.22474480      -1.83388567
  0347     6.67966795       5.72976446       1.15298975      -3.84293127     -38.47940445      -6.29092216      -0.89783126       2.20781422      -3.57675767
  0141     4.78975439       7.34035110       2.89836121      -3.76054430       3.16578317       2.36378431       0.06280196      -0.93321025       2.62062573
  0182     5.67124891       7.36959887       0.43125021      -1.65472007       8.73094940       2.46332145       2.95651293       0.85173130      -2.02149630
  0425     4.03846645       6.88460922       3.92408323       3.92809772       0.04968990       2.12283826      -1.10838974       1.32942879       0.63070238
  0386     5.11510468       5.09988976       3.69914436      -0.98486972      -0.61647773      -1.70954525      -1.44880569       1.44913614      -1.08774400
  0113     6.32021570       4.34604645       1.13561893       2.52470541      -1.58794188       4.62730360       7.45396280       3.72682405       2.76445961
  0010     7.36695623       6.72925472       0.53668892      16.69526482      -0.19582176     -22.53817368      -1.57428157      -3.71754479      -2.15045738
  0070     7.38554764       4.75617886       1.30931020      -1.82418203       0.28264588      -0.71285141       1.01667237       0.83342379       1.07211602
  0027     4.11410856       4.74263811       0.58446199      -2.04421258      -8.36719894     -17.30070305       0.42766598      -1.49429977      -0.35823569
  0270     4.84812498       4.45743847       2.13057971      -1.55811524     -16.10908508       2.12237573      -0.48463917       2.38443065      -0.63127434
  0385     7.95780563       7.74830389       1.39074123      -4.29163980      -3.73084450       2.09202194      -0.22489358       0.03045710      -1.49509048
  0236     7.36228848       4.96340132       7.05165386       1.36457443      -0.23786408      -2.40857387       0.15704730      -1.73467052      -1.50461221
  0049     5.55497980       7.65347481       5.21116209     -11.11578560     -33.79763794      40.57947540      -1.45660698       2.53223729       0.36756912
  0373     6.63412952       7.83081627       5.96436691      -8.93232346      11.63218021       1.36389101      -1.83383930       0.64163697      -1.39399242
  0159     5.65302896       5.43260622       5.06365681      -0.73997593      -1.48433435       0.27506950       1.53850448      -1.72088420       4.54587936
  0346     5.13077927       4.73674393       5.95938969     -10.86743641      11.85902786     -21.36207390      -0.27253616      -2.16336489      -0.88848388
  0217     7.49354172       6.42694235       6.36832952      11.43039036     -31.07927132      34.51976013      -0.52332330       1.12487996       1.61484051
  0085     6.73083782       6.63059807       4.78544950      13.30062866       0.40033457       3.50408554       0.17449677       0.55923879       2.03288031
  0178     7.58509016       5.38718414       5.51556635      -0.90244192       0.67488432      -1.19689524      -0.34376347      -1.32969582      -1.64906812
  0106     7.28720522       7.08384228       5.69092417       0.47399175      22.58293724     -38.45227432      -0.25441086       0.38375425       0.77343190
  0343     4.90553856       6.90922928       4.81956768     -35.64773178      11.56862736       6.10829258       0.45759815       0.54297715       0.62690580
  0285     6.60375166       4.08407545       6.89379883       0.32770228      -1.53663576       0.84234679       1.49398553      -1.10687637      -2.74916673
  0036     7.11301756       5.59489918       4.44008684       2.04430413       0.90251821       0.52013087       2.14440298      -2.94247866      -0.74923158
  0374     6.51448822       6.93055725       7.41867495       3.49212146      -2.36280346       3.26406050      -1.95556116      -0.59765220       1.46993911
  0077     4.04871941       4.58955383       6.80791092      -2.35298014      35.01173401      47.35888290      -0.81050259      -1.69491661       1.98038363
  0076     5.73983431       6.44712687       4.58569098      13.94776440     -16.04512215     -11.40917397      -1.25108624       2.39915061       0.07017236
  0065     7.35831499       7.48637915       4.53230667       3.86015892       2.55387354       1.55462217      -0.70623261      -0.11782414      -1.50231075
  0247     7.36699104       5.90626097       7.67006111      -6.19538498     -26.54574776     -18.53413963       2.86997652       1.71830821      -1.31516874
  0161     5.44988537       4.17478466       6.71013689      47.71732330      15.40540504     -19.98684120       1.83382583       2.36227393      -4.68510914
  0415     4.57192373       7.35332489       7.14092588      -0.04522429       0.27219254      -3.13762832       2.94889665       1.95089614      -0.47676072
  0147     4.90158033       7.18314028       5.98497820      -2.72523499       0.28950760      -0.85764533      -3.10209036      -4.46394539      -0.69225568
  0394     4.16886950       7.82015705       4.92646456       1.43016875      -2.81892014       1.17536533       2.62048459      -0.49959350      -1.19045746
  0084     7.92131901       4.48523283       4.50212002      -0.84260917       0.46569303      -1.97901893      -3.01049089       0.01367362       0.31559512
